.Random.seed <-
c(403L, 163L, -2086950908L, 788102304L, -1633178295L, -836655960L, 
-1516718124L, 663914859L, 341549491L, -1581288777L, -35814224L, 
-1959461320L, -1816195896L, 1600039356L, 1694825242L, -1161242149L, 
-1027359659L, -1992410402L, -1029894317L, 400917828L, -991575012L, 
-1118284447L, -1027476852L, 898054039L, 2079220883L, 622291468L, 
2106998519L, -1146573745L, 2067517729L, -1962196221L, -1124384895L, 
465591014L, 321160484L, 1236110296L, 179205584L, -41249027L, 
1412388503L, 1737693842L, -963603951L, 1107403091L, -1530444582L, 
1524012657L, 1801026224L, 748251287L, 16081780L, 533123065L, 
685290378L, 1163700522L, 786329339L, 2049193017L, 1463460327L, 
-1381331711L, -2048546007L, -807052438L, 1522125918L, 1659776318L, 
-1219018791L, -1308162457L, -2017611618L, -470406589L, -95485963L, 
-268349638L, 1623246256L, 2110822562L, 1286458272L, -1045525827L, 
-1870317525L, 1854160867L, 607879528L, 156980547L, 1110874852L, 
-926293154L, 284405440L, 1630733947L, 42125053L, -2080297946L, 
52064433L, 525581754L, -1499824466L, -343152143L, -409836747L, 
-435888706L, -1451553639L, 717370745L, 778202459L, 1673898550L, 
566195326L, -1804690785L, 631190631L, 812104819L, 401567070L, 
277101588L, -2141498483L, 858336022L, 2059384075L, -1096942501L, 
-1890529310L, 1458995868L, 2108765904L, 1432058427L, -1240091582L, 
584384988L, 521259680L, 502137213L, 59795779L, 1743810729L, 1500529428L, 
-429717156L, -1216531193L, 979792137L, 1037579231L, -952241506L, 
-1665799124L, -1305310343L, -75012445L, 739143136L, -1353152039L, 
-1402211735L, 670943863L, -239046061L, -1581841581L, -980857785L, 
1140949771L, -1603755686L, -648654610L, -1871850186L, -629271109L, 
818036222L, 215827735L, -1787500349L, -845749798L, -101308388L, 
663202747L, -1516235939L, 1354480919L, 1097615614L, 1293094041L, 
1412937779L, 175879248L, 1399509971L, 1075961354L, 1365386202L, 
749633463L, 1784496963L, -154894205L, 824646906L, -1968523374L, 
1202979298L, -790775983L, -1844559802L, 1402822335L, -799692963L, 
406692046L, -970930706L, 880434847L, 403296672L, 1144482281L, 
1823762388L, 2049886004L, 2088228760L, 1097368567L, -957005205L, 
-103003548L, -1872826543L, -1434776609L, -1580979096L, 304269096L, 
-1555786905L, 1408072973L, -1415508703L, 814595595L, 977740377L, 
284722939L, -2028862179L, 578983490L, 1182337816L, 40843833L, 
1539726930L, -340603057L, 1496184287L, -1453785944L, -2022702914L, 
640062933L, -2030736993L, -1878817503L, 2101595511L, 1357170627L, 
450518100L, -691023072L, -1064308967L, -1950172884L, -980178913L, 
339550639L, 33224038L, 1205554012L, -1308204032L, 766095802L, 
2065632105L, 1133781093L, 902710612L, -2116144983L, -1142521171L, 
-1137048624L, 552015875L, -1909177203L, 1557054461L, -1607669219L, 
-1017572551L, -1720405542L, -1352286435L, -1299046268L, 269781525L, 
-1062274446L, -683536683L, 1252907250L, 156378922L, -1772481522L, 
1395660003L, -821864901L, 1193179339L, -164014676L, 2056179409L, 
-122791969L, 589051032L, -1360729114L, 1637188557L, 1102384314L, 
-1021168051L, -330739189L, -882792683L, 1413343302L, 1939566756L, 
-1138668657L, 1542947502L, -2063341008L, -1202627137L, -356481179L, 
-2899908L, -129163416L, -1519662731L, -114078774L, -1353636614L, 
-1497971011L, -1552590777L, 1250926773L, -522014854L, -1122496184L, 
1911293287L, 1798116608L, 1661329236L, -1239348786L, -2128794149L, 
493905549L, 680098696L, 1076901967L, -1215209612L, -985108437L, 
773498928L, 1998596666L, 474422655L, 72752916L, 1522156809L, 
1989807413L, 1948073321L, -831712412L, 1523298639L, -227015171L, 
1465916401L, -1300418916L, -243226349L, 1050487311L, 226025540L, 
-1639688236L, 1544783702L, -353410430L, 478339918L, 1851789383L, 
679915298L, 1620569194L, 1907148016L, -716216516L, 807486720L, 
1042861933L, 1663786126L, 504208351L, -936790604L, 1567683832L, 
805917220L, -136867836L, -1682964232L, 945351013L, 326061400L, 
1764983690L, 1722322766L, -965549217L, 1300522361L, -1714985987L, 
239771957L, -1670598337L, 1953431718L, 1642733784L, -2129205586L, 
457370532L, -284377920L, -707486475L, 1790216826L, -89539262L, 
-1948126021L, -1258315945L, 1638835280L, -1435297984L, 1076564274L, 
-1208293240L, -209396599L, 1339092732L, -1981677446L, 332894929L, 
-1542913646L, -394457408L, 361421971L, 812234649L, -2141924141L, 
-657802831L, 1527704563L, -143267489L, 1773370660L, 323727007L, 
-2100953221L, -1898250746L, -149427737L, 785033432L, -1235948154L, 
-1612056092L, -1779311459L, 2052403392L, -1188212794L, -150415408L, 
-1894781925L, -2032094791L, -163091000L, -483667088L, 1204417105L, 
1458498442L, -1129091512L, -1739560008L, -730884400L, 677211469L, 
-1187153524L, -2021346636L, -2127306688L, 1237180890L, 571667688L, 
-508083642L, -2102437168L, 564613719L, 2124836831L, -226325220L, 
-205513808L, -1872369018L, 961147446L, 1164656930L, -11516441L, 
414420582L, -1600903248L, 1606887403L, -1590561749L, 2046335216L, 
-32211256L, 1673605820L, 2013647714L, -1857224681L, 1456099118L, 
982367073L, -727891572L, -238258370L, -1294484475L, -1825907651L, 
1098390053L, 972078503L, -825737859L, 1353412329L, 1348142036L, 
-1758322988L, 987532793L, -1727529844L, -2138582874L, 1841760687L, 
915027165L, 1913564952L, 1013678571L, 804811796L, -552378527L, 
1272420287L, 191936707L, 2002365159L, 1963695126L, -139843046L, 
-861131084L, 721640392L, 1241310868L, 2025862030L, -791729833L, 
574235909L, 163746671L, 740788701L, 1327406490L, -1729462624L, 
184828463L, -1958471489L, -1381109778L, 1181253279L, 737425521L, 
377502300L, -1065001983L, 1151872844L, 684198779L, 1579482760L, 
1706725090L, -671210777L, -936896L, -1228241129L, 22487901L, 
2037290282L, 1925854948L, 291152333L, -1459807498L, 142915651L, 
-1834389819L, 1560253754L, -1460002763L, -444178669L, 675779570L, 
-1618085184L, 126586147L, -1211174907L, 2009966456L, 1301949140L, 
1441574708L, 609006168L, -893239355L, -936734360L, 323241651L, 
-656950353L, -273903349L, -1751129742L, -1762922463L, -1576631868L, 
811960659L, 1544732944L, 1848402085L, 997418634L, -1956508564L, 
-2144760305L, 385979355L, -1025728661L, 1663580370L, 885904273L, 
1912260898L, -1214807746L, 1143365290L, 303440646L, -1203378936L, 
-2013749370L, 1016616749L, 1133921056L, 1751937461L, -2093830947L, 
-2066545168L, 364238927L, 646078754L, 839067909L, 1224918783L, 
1859086944L, 1345468013L, -972087321L, 1934346705L, 630145643L, 
18478609L, 1478757376L, 764025118L, -1917732141L, -1824284135L, 
2101451633L, -676777453L, 2073913506L, -1682421765L, 398248834L, 
-1846991329L, -946235178L, -290943027L, -186690599L, -1750388869L, 
2075872697L, 381113792L, 1999026518L, -47953042L, 1428163287L, 
-579929085L, -820364923L, 888427594L, 207961335L, -1717670921L, 
412433681L, -908674347L, 885203226L, 1286317695L, -242232101L, 
-650650356L, 434673736L, 78203437L, -33794542L, -569298303L, 
-848976988L, 1718440324L, 1678500145L, -1316950776L, -373813307L, 
-1698982635L, 611036561L, 419172036L, -87003124L, -815443762L, 
1120524308L, -2089834274L, -322555794L, -582802334L, 389757797L, 
1071517910L, -404412759L, -1043714957L, -1853379459L, 1862817762L, 
1828300196L, 1473777756L, -1599212338L, -372280743L, -1585949800L, 
1589407016L, 1133453035L, -406786228L, -339541822L, 946527297L, 
-1033188655L, -1004503405L, 544206617L, 1349389321L, -915260632L, 
-861858129L, 1956726670L, -82496966L, 873303045L, 418488458L, 
-1537516251L, -1225888597L, -1843255226L, -619135810L, 1469946168L, 
-1603914946L, 139369510L, 1882076714L, 376877086L, -29651882L, 
1438736925L, 216260581L, -160226059L, 647659711L, -216699531L, 
231341926L, 1833974149L, 1179753901L, 51500604L, -904380959L, 
-1772837333L, 1143796874L, 270254762L, 1236741800L, -720123195L, 
714304447L, 233269467L, -1505385335L, -291371774L, -1640569807L, 
-801817367L, -1925417203L, -523440409L, 1303222936L, 1440484576L, 
-1812490428L, -1466170369L, -1246265708L, 726940891L, 1194485861L, 
1755510079L, -1391195556L, -1626944378L, -750093277L, -778213561L, 
2017201752L, -2001724158L, -1221402113L, -1753724959L, 498192561L, 
